0.515
0.585
0.50625
0.36250000000000004
0.4225
0.49250000000000005
0.46749999999999997
0.57875
0.7275
0.525
0.485
0.4525
0.58375
0.5487500000000001
0.43875000000000003
0.61
0.5125
0.5587500000000001
0.5075000000000001
0.595
0.40249999999999997
0.52125
0.39999999999999997
0.6325000000000001
0.41625
0.3875
0.41125
0.40375
0.4675
0.5487500000000001
0.52
0.52125
0.52875
0.52125
0.5175000000000001
0.5974999999999999
0.55
0.49624999999999997
0.46875
0.55
0.4875
0.54625
0.52125
0.4025
0.41
0.54625
0.53375
0.5
0.48625
0.4525
0.5
0.5475
0.51
0.36124999999999996
0.37875000000000003
0.4825
0.42375
0.62625
0.38
0.43624999999999997
0.49624999999999997
0.43374999999999997
0.5962500000000001
0.41625
0.5349999999999999
0.46875
0.5025
0.44499999999999995
0.44375000000000003
0.51625
0.41500000000000004
0.435
0.5
0.4275
0.52625
0.39
0.5125
0.45625000000000004
0.525
0.4475
0.69125
0.47750000000000004
0.46375
0.46375
0.49749999999999994
0.40125
0.48875
0.44625000000000004
0.535
0.50625
0.4475
0.575
0.55625
0.41375000000000006
0.5525
0.7337499999999999
0.48624999999999996
0.495
0.45875
0.44125000000000003
0.535
0.595
0.48
0.46875
0.55625
0.44
0.5762499999999999
0.5037499999999999
0.55
0.41625
0.5175000000000001
0.665
0.505
0.545
0.40375
0.42374999999999996
0.45875
0.36750000000000005
0.54
0.645
0.46499999999999997
0.49749999999999994
0.54375
0.4675
0.45625000000000004
0.66625
0.38625
0.48624999999999996
0.44875
0.50625
0.37
0.5375000000000001
0.33625
0.44125000000000003
0.50375
0.6
0.48750000000000004
0.5575
0.44625000000000004
0.50125
0.47750000000000004
0.5425
0.6212500000000001
0.42375
0.4575
0.495
0.48250000000000004
0.47375
0.41875
0.37875000000000003
0.49375
0.485
0.59125
0.4775
0.5375
0.45499999999999996
0.4625
0.48875
0.495
0.5862499999999999
0.42625
0.5325
0.41500000000000004
0.4625
0.40375
0.44875
0.5675
0.4675
0.51625
0.4325
0.5237499999999999
0.595
0.41125
0.46375
0.58
0.56125
0.5525
0.64875
0.4875
0.48125
0.51125
0.4825
0.455
0.47
0.565
0.4125
0.5825
0.5137499999999999
0.4125
0.4925
0.49
0.49750000000000005
0.5449999999999999
0.4675
0.6287499999999999
0.42000000000000004
0.455
0.5925
0.475
0.46375
0.46499999999999997
0.63125
0.52375
0.57375
0.40750000000000003
0.4375
0.4825
0.61375
0.4775
0.47250000000000003
0.39875
0.56
0.59375
0.47875
0.35250000000000004
0.48
0.44499999999999995
0.4275
0.4625
0.47125000000000006
0.42625
0.56
0.5575
0.36
0.47750000000000004
0.54
0.50375
0.5575
0.55875
0.4075
0.5
0.755
0.47124999999999995
0.41125
0.4925
0.5475
0.46875
0.69375
0.5425
0.575
0.5275
0.42125
0.5425
0.43374999999999997
0.42000000000000004
0.45375
0.49375
0.55125
0.445
0.46375
0.46624999999999994
0.52
0.73875
0.57875
0.5974999999999999
0.445
0.59625
0.41500000000000004
0.45625000000000004
0.5700000000000001
0.5
0.5875
0.47125
0.43500000000000005
0.47875
0.5549999999999999
0.54875
0.59875
0.525
0.38875
0.55125
0.51
0.53375
0.5675
0.3875
0.44625000000000004
0.44
0.5575
0.45625000000000004
0.505
0.5625
0.61
0.5575
0.56875
0.45625000000000004
0.43375
0.42875
0.49375
0.39375
0.455
0.405
0.525
0.6025
0.5325
0.58375
0.4475
0.52625
0.55125
0.45125
0.4975
0.515
0.43999999999999995
0.49375
0.45375
0.42125
0.4175
0.5962500000000001
0.495
0.48
0.635
0.51125
0.48
0.5974999999999999
0.4425
0.41250000000000003
0.51125
0.54375
0.41625
0.46499999999999997
0.43
0.585
0.56
0.5025000000000001
0.52625
0.50125
0.41000000000000003
0.49750000000000005
0.49624999999999997
0.5575
0.48875
0.5587500000000001
0.45125
0.7462500000000001
0.45375
0.5375
0.49875
0.55125
0.52125
0.39375
0.44125000000000003
0.48625
0.49749999999999994
0.3725
0.5700000000000001
0.37
0.54625
0.4225
0.5287499999999999
0.41374999999999995
0.4025
0.62625
0.39
0.5912499999999999
0.46375
0.49
0.58625
0.51125
0.56875
0.42625
0.57
0.46875
0.41
0.48250000000000004
0.52625
0.5349999999999999
0.47375
0.4525
0.49625
0.40625
0.54875
0.40875
0.595
0.525
0.42124999999999996
0.54
0.48875
0.44375
0.49624999999999997
0.46375
0.52
0.49624999999999997
0.4575
0.47875
0.51
0.44625
0.44625000000000004
0.60375
0.43374999999999997
0.42625
0.4175
0.5025000000000001
0.49874999999999997
0.41375
0.45999999999999996
0.58375
0.4275
0.39875
0.47124999999999995
0.44499999999999995
0.47750000000000004
0.77125
0.45875
0.50875
0.5125
0.5275
0.41000000000000003
0.57375
0.54
0.42250000000000004
0.495
0.39375
0.42000000000000004
0.46249999999999997
0.5125
0.45375
0.41374999999999995
0.44499999999999995
0.46249999999999997
0.4575
0.415
0.49124999999999996
0.51875
0.52875
0.575
0.51
0.49875
0.46375
0.46
0.59
0.5725
0.5449999999999999
0.47875
0.38625000000000004
0.49749999999999994
0.53875
0.51
0.62
0.40625
0.50375
0.43499999999999994
0.5487500000000001
0.56375
0.5287499999999999
0.56875
0.4225
0.42125
0.47875
0.48250000000000004
0.4475
0.39375
0.45625
0.50125
0.56375
0.5549999999999999
0.51125
0.64
0.44625
0.6
0.54875
0.55625
0.48375
0.42874999999999996
0.4425
0.465
0.49375
0.515
0.40625
0.4375
0.53
0.535
0.41
0.42500000000000004
0.4975
0.46625
0.52625
0.44375000000000003
0.57
0.44875
0.39875
0.41374999999999995
0.47625
0.7275
0.4325
0.5425
0.45375
0.43624999999999997
0.55125
0.60375
0.50375
0.6125
0.42625
0.48875
0.7175
0.495
0.48375
0.50125
0.39125
0.35124999999999995
0.40625
0.41375
0.47625000000000006
0.5225
0.43875
0.5974999999999999
0.48625
0.41125
0.40249999999999997
0.60625
0.5325
0.52625
0.44625
0.55625
0.4625
0.42375
0.525
0.48624999999999996
0.58125
0.48
0.505
0.5225
0.43999999999999995
0.51625
0.5025000000000001
0.52375
0.54125
0.52125
0.54125
0.5325
0.595
0.405
0.54125
0.5475
0.45375
0.50125
0.5975
0.4225
0.55375
0.38375
0.41875
0.37125
0.40249999999999997
0.715
0.46625000000000005
0.5
0.51125
0.6125
0.40875
0.54625
0.4425
0.41500000000000004
0.4775
0.45999999999999996
0.435
0.47125
0.505
0.55
0.49
0.47250000000000003
0.4425
0.47375
0.46375
0.47375
0.385
0.42625
0.5449999999999999
0.54
0.54375
0.5900000000000001
0.52
0.71625
0.42000000000000004
0.68375
0.48875
0.48
0.42874999999999996
0.46499999999999997
0.47750000000000004
0.51875
0.62875
0.515
0.49375
0.5237499999999999
0.6
0.43625
0.5
0.4425
0.50625
0.47750000000000004
0.7012499999999999
0.57625
0.435
0.47
0.5625
0.48874999999999996
0.495
0.50875
0.475
0.51
0.5725
0.47125
0.385
0.43
0.5425
0.4575
0.37625000000000003
0.5025000000000001
0.50875
0.6375
0.57
0.46124999999999994
0.46875
0.44625
0.5237499999999999
0.565
0.5475
0.41125
0.53
0.5675
0.40875
0.4725
0.47875
0.615
0.54125
0.5075
0.45875
0.54125
0.495
0.4925
0.51
0.46
0.54625
0.5125
0.40499999999999997
0.51375
0.72
0.6799999999999999
0.48
0.50125
0.5387500000000001
0.52875
0.4775
0.51125
0.41374999999999995
0.48124999999999996
0.44875
0.46
0.46625
0.55875
0.48375
0.51625
0.43
0.3975
0.44375000000000003
0.51125
0.5375
0.4275
0.5075000000000001
0.51125
0.5900000000000001
0.40625
0.4425
0.5762499999999999
0.4525
0.3675
0.49875
0.51875
0.54125
0.5075000000000001
0.4125
0.51375
0.475
0.50375
0.5225
0.60625
0.47875
0.50125
0.49
0.45
0.5325
0.64125
0.44
0.42000000000000004
0.52375
0.5862499999999999
0.40125
0.49750000000000005
0.455
0.49124999999999996
0.43875
0.47000000000000003
0.46375
0.5725
0.5425
0.43374999999999997
0.48
0.4625
0.41250000000000003
0.40625
0.4825
0.51375
0.46625
0.6487499999999999
0.48375
0.5349999999999999
0.5775
0.42000000000000004
0.40375
0.51
0.47250000000000003
0.5549999999999999
0.53625
0.58375
0.47375
0.5075
0.4375
0.52625
0.43875
0.4625
0.52
0.50625
0.52125
0.59
0.47250000000000003
0.47375
0.5575
0.48
0.405
0.5175000000000001
0.40875
0.45375
0.3675
0.41875
0.49624999999999997
0.45625000000000004
0.45375
0.56
0.5025
0.405
0.4675
0.4575
0.53375
0.495
0.50625
0.47000000000000003
0.41625
0.52875
0.52625
0.4875
0.4425
0.59
0.54125
0.5125
0.40375
0.49375
0.45375
0.485
0.37124999999999997
0.48124999999999996
0.3875
0.6
0.55375
0.57125
0.44125000000000003
0.545
0.61375
0.485
0.4475
0.49875
0.4225
0.4875
0.52625
0.48375
0.515
0.54
0.47375
0.5125
0.46875
0.4525
0.43499999999999994
0.53125
0.56
0.49875
0.46375
0.52625
0.505
0.53625
0.47250000000000003
0.4325
0.49875
0.62625
0.4425
0.6175
0.43500000000000005
0.42875
0.5962500000000001
0.49875
0.49375
0.76625
0.34625
0.46125
0.65625
0.49124999999999996
0.42625
0.49124999999999996
0.475
0.52
0.4425
0.565
0.37125
0.50875
0.58375
0.44
0.53375
0.5487500000000001
0.5
0.53125
0.52
0.54125
0.44999999999999996
0.4275
0.42625
0.45875
0.52
0.6025
0.57625
0.49624999999999997
0.5425
0.48750000000000004
0.53125
0.57375
0.49875
0.3875
0.45875
0.5800000000000001
0.4075
0.445
0.53125
0.52
0.39
0.6075
0.5187499999999999
0.6675
0.49250000000000005
0.49625
0.4675
0.53125
0.53875
0.44000000000000006
0.51125
0.46375
0.43125
0.59
0.5225
0.40125
0.41125
0.41875
0.51625
0.5325
0.5025000000000001
0.505
0.50875
0.47624999999999995
0.57875
0.4325
0.465
0.5575
0.42625
0.42000000000000004
0.40375
0.43625
0.62125
0.49875
0.58125
0.5075
0.57875
0.45625000000000004
0.5525
0.62125
0.64625
0.47875
0.51125
0.73625
0.515
0.46625
0.44875
0.4825
0.49750000000000005
0.51
0.5075000000000001
0.76125
0.7424999999999999
0.47625
0.41750000000000004
0.4725
0.44500000000000006
0.47750000000000004
0.43374999999999997
0.7424999999999999
0.5125
0.485
0.47875
0.42875
0.5925
0.45875
0.4575
0.54625
0.47750000000000004
0.455
0.51375
0.41375
0.54875
0.41875
0.44125000000000003
0.4325
0.505
0.5499999999999999
0.53375
0.51375
0.5025000000000001
0.58625
0.6112500000000001
0.5825
0.505
0.5900000000000001
0.45375
0.49375
0.5025
0.4375
0.52125
0.76125
0.41125
0.51625
0.44625
0.60875
0.5725
0.5075
0.49124999999999996
0.485
0.54375
0.54375
0.49375
0.675
0.5237499999999999
0.57375
0.6124999999999999
0.4675
0.495
0.43625
0.57875
0.5925
0.4475
0.54625
0.5675
0.52625
0.5325
0.38875000000000004
0.5025
0.43625
0.5525
0.37
0.50625
0.47375
0.6075
0.42
0.48000000000000004
0.41625
0.5137499999999999
0.46375
0.49625
0.46375
0.59375
0.47125000000000006
0.48
0.51375
0.5
0.50875
0.5387500000000001
0.54375
0.45375
0.7450000000000001
0.49125
0.52875
0.46375
0.5725
0.56375
0.4525
0.56875
0.45625
0.5599999999999999
0.54
0.44875000000000004
0.485
0.5762499999999999
0.48750000000000004
0.5575
0.46875
0.4475
0.39625
0.55375
0.39375
13.119
