0.375
0.405
0.29
0.455
0.485
0.655
0.51
0.425
0.4
0.36
0.4
0.46
0.515
0.405
0.47
0.625
0.37
0.395
0.335
0.53
0.385
0.5
0.39
0.3
0.535
0.44
0.36
0.43
0.435
0.48
0.48
0.275
0.35
0.56
0.43
0.57
0.545
0.41
0.425
0.29
0.54
0.415
0.485
0.46
0.375
0.685
0.275
0.355
0.485
0.525
0.38
0.56
0.6
0.44
0.275
0.49
0.49
0.37
0.42
0.375
0.515
0.535
0.505
0.635
0.52
0.305
0.47
0.51
0.375
0.485
0.39
0.555
0.51
0.355
0.405
0.43
0.475
0.635
0.38
0.41
0.365
0.37
0.45
0.38
0.45
0.475
0.375
0.385
0.51
0.69
0.49
0.585
0.36
0.57
0.58
0.665
0.24
0.3
0.57
0.495
0.605
0.43
0.515
0.625
0.625
0.42
0.37
0.38
0.575
0.37
0.32
0.355
0.455
0.715
0.775
0.61
0.37
0.265
0.6
0.46
0.5
0.495
0.625
0.55
0.435
0.365
0.42
0.53
0.465
0.45
0.695
0.345
0.37
0.355
0.375
0.455
0.645
0.525
0.36
0.355
0.37
0.4
0.365
0.605
0.575
0.345
0.285
0.48
0.375
0.25
0.44
0.4
0.375
0.305
0.45
0.4
0.535
0.585
0.42
0.345
0.27
0.56
0.435
0.65
0.285
0.43
0.445
0.52
0.545
0.545
0.385
0.52
0.64
0.385
0.37
0.485
0.41
0.4
0.61
0.675
0.46
0.29
0.515
0.345
0.61
0.335
0.38
0.305
0.62
0.535
0.58
0.59
0.745
0.36
0.435
0.44
0.405
0.39
0.42
0.545
0.38
0.37
0.435
0.415
0.44
0.44
0.48
0.42
0.32
0.495
0.36
0.49
0.3
0.59
0.365
0.36
0.345
0.475
0.39
0.53
0.575
0.41
0.505
0.56
0.485
0.6
0.345
0.515
0.275
0.635
0.55
0.515
0.8
0.38
0.305
0.495
0.425
0.435
0.575
0.57
0.35
0.47
0.465
0.485
0.36
0.31
0.41
0.575
0.315
0.365
0.5
0.33
0.565
0.44
0.5
0.345
0.685
0.595
0.41
0.44
0.59
0.31
0.49
0.305
0.47
0.29
0.49
0.425
0.47
0.35
0.415
0.255
0.5
0.36
0.44
0.355
0.39
0.515
0.38
0.38
0.45
0.55
0.485
0.585
0.355
0.48
0.42
0.405
0.585
0.41
0.795
0.37
0.63
0.52
0.57
0.405
0.53
0.445
0.38
0.6
0.495
0.47
0.435
0.47
0.69
0.68
0.585
0.375
0.5
0.37
0.345
0.42
0.45
0.495
0.27
0.37
0.475
0.67
0.545
0.4
0.3
0.43
0.785
0.6
0.38
0.54
0.45
0.505
0.345
0.335
0.44
0.32
0.455
0.39
0.355
0.43
0.565
0.68
0.49
0.49
0.445
0.465
0.48
0.45
0.36
0.74
0.46
0.37
0.375
0.4
0.47
0.55
0.52
0.3
0.62
0.34
0.325
0.56
0.445
0.415
0.42
0.41
0.575
0.41
0.3
0.635
0.375
0.41
0.57
0.685
0.335
0.46
0.655
0.435
0.485
0.535
0.615
0.4
0.525
0.51
0.735
0.615
0.68
0.68
0.22
0.255
0.55
0.52
0.53
0.39
0.49
0.44
0.55
0.5
0.325
0.4
0.38
0.355
0.39
0.305
0.465
0.44
0.54
0.46
0.285
0.425
0.335
0.56
0.54
0.385
0.575
0.39
0.305
0.535
0.41
0.385
0.63
0.35
0.28
0.575
0.34
0.32
0.25
0.515
0.265
0.46
0.305
0.385
0.505
0.52
0.445
0.445
0.495
0.59
0.275
0.56
0.665
0.51
0.645
0.69
0.605
0.535
0.335
0.47
0.58
0.535
0.49
0.635
0.59
0.82
0.415
0.43
0.435
0.545
0.36
0.515
0.45
0.28
0.52
0.35
0.415
0.54
0.46
0.39
0.43
0.535
0.575
0.535
0.37
0.48
0.29
0.37
0.61
0.405
0.745
0.425
0.37
0.685
0.655
0.34
0.475
0.325
0.39
0.465
0.49
0.615
0.435
0.345
0.265
0.29
0.555
0.275
0.495
0.335
0.5
0.46
0.645
0.35
0.365
0.615
0.58
0.4
0.595
0.445
0.66
0.535
0.475
0.32
0.59
0.485
0.37
0.335
0.44
0.285
0.375
0.32
0.33
0.38
0.36
0.285
0.37
0.535
0.395
0.505
0.445
0.45
0.395
0.53
0.345
0.395
0.39
0.28
0.455
0.33
0.305
0.55
0.45
0.385
0.65
0.495
0.485
0.66
0.385
0.465
0.515
0.525
0.78
0.455
0.26
0.385
0.42
0.4
0.295
0.26
0.335
0.37
0.37
0.4
0.345
0.44
0.405
0.545
0.37
0.485
0.345
0.545
0.58
0.47
0.275
0.36
0.48
0.55
0.5
0.54
0.29
0.39
0.63
0.585
0.565
0.35
0.275
0.255
0.43
0.425
0.55
0.51
0.52
0.52
0.73
0.43
0.425
0.645
0.32
0.405
0.355
0.54
0.395
0.315
0.42
0.365
0.56
0.545
0.51
0.58
0.375
0.38
0.305
0.395
0.465
0.525
0.25
0.655
0.48
0.345
0.665
0.535
0.525
0.385
0.53
0.35
0.555
0.455
0.54
0.74
0.59
0.4
0.425
0.505
0.51
0.385
0.43
0.745
0.3
0.33
0.65
0.56
0.41
0.485
0.595
0.485
0.265
0.585
0.425
0.4
0.375
0.345
0.505
0.55
0.325
0.83
0.395
0.285
0.33
0.365
0.32
0.435
0.42
0.455
0.37
0.42
0.515
0.34
0.525
0.51
0.475
0.465
0.295
0.6
0.45
0.315
0.4
0.43
0.55
0.605
0.54
0.53
0.345
0.455
0.39
0.455
0.505
0.575
0.63
0.46
0.585
0.57
0.365
0.38
0.575
0.395
0.525
0.33
0.425
0.48
0.355
0.485
0.51
0.425
0.595
0.345
0.39
0.485
0.36
0.39
0.35
0.715
0.615
0.58
0.505
0.52
0.53
0.36
0.34
0.66
0.345
0.44
0.58
0.43
0.3
0.475
0.495
0.355
0.315
0.435
0.64
0.545
0.57
0.365
0.39
0.435
0.555
0.475
0.295
0.48
0.49
0.385
0.53
0.45
0.44
0.565
0.44
0.44
0.605
0.475
0.56
0.565
0.435
0.505
0.48
0.365
0.495
